x <- 3 * 32
y <- x / 7
